%YAML:1.0
---
IntrinsicMatrix1: !!opencv-matrix
    rows: 3
    cols: 3
    dt: f
    data: [ 692.915262, 0.000000, 0.000000, 
            0.000000, 694.312994, 0.000000, 343.794277, 
            247.421005, 1.000000]
RadialDistortion1: !!opencv-matrix
    rows: 1
    cols: 2
    dt: f
    data: [ 0.090195, 0.704039]
TangentialDistortion1: !!opencv-matrix
    rows: 1
    cols: 2
    dt: f
    data: [ 0.000000, 0.000000]
IntrinsicMatrix2: !!opencv-matrix
    rows: 3
    cols: 3
    dt: f
    data: [ 694.518773, 0.000000, 0.000000, 
            0.000000, 696.215226, 0.000000, 323.156752, 
            241.358497, 1.000000]
RadialDistortion2: !!opencv-matrix
    rows: 1
    cols: 2
    dt: f
    data: [ 0.098379, 0.366731]
TangentialDistortion2: !!opencv-matrix
    rows: 1
    cols: 2
    dt: f
    data: [ 0.000000, 0.000000]
ImageSize: !!opencv-matrix
    rows: 1
    cols: 2
    dt: f
    data: [ 480.000000, 640.000000]
RotationOfCamera2: !!opencv-matrix
    rows: 3
    cols: 3
    dt: f
    data: [ 0.814853, -0.012574, -0.579531, 
            0.007248, 0.999908, -0.011505, 0.579622, 
            0.005174, 0.814869]
TranslationOfCamera2: !!opencv-matrix
    rows: 1
    cols: 3
    dt: f
    data: [ -387.172600, 2.172385, 133.316627]
FocalLength: !!opencv-matrix
    rows: 1
    cols: 2
    dt: f
    data: [ 692.915262, 694.312994]
EssentialMatrix: !!opencv-matrix
    rows: 3
    cols: 3
    dt: f
    data: [ 0.417420, -133.329295, 1.080374, 
            -115.744995, -3.488100, 392.768220, 3.098312, 
            -387.152551, -3.262555]
FundamentalMatrix: !!opencv-matrix
    rows: 3
    cols: 3
    dt: f
    data: [ 0.000001, -0.000276, 0.069668, 
            -0.000240, -0.000007, 0.648418, 0.062099, 
            -0.466513, -45.851518]
