%YAML:1.0
---
orginDistance: !!opencv-matrix
    rows: 4
    cols: 4
    dt: f
    data: [ 0., 79.41495679, 92.6760091, 60.54557344, 
            79.41495679, 0., 55.3985338, 82.12350075, 
            92.6760091, 55.3985338, 0., 54.1674151,
            60.54557344, 82.12350075, 54.1674151, 0.]

