%YAML:1.0
---
orginDistance: !!opencv-matrix
   rows: 4
   cols: 4
   dt: d
   data: [ 0., 5.5881062435338066e+01, 7.9791106229077272e+01,
       8.1477280871631748e+01, 5.5881062435338066e+01, 0.,
       9.2975363893712057e+01, 5.4354116450800944e+01,
       7.9791106229077272e+01, 9.2975363893712057e+01, 0.,
       5.9120939285865639e+01, 8.1477280871631748e+01,
       5.4354116450800944e+01, 5.9120939285865639e+01, 0. ]
orginPoint: !!opencv-matrix
   rows: 4
   cols: 3
   dt: d
   data: [ -9.0395017967067560e+01, 5.0747026063238344e+01,
       1.2138182098360710e+03, -5.3121446642796201e+01,
       9.2370309580484005e+01, 1.2128821068077709e+03,
       -1.4423670020119366e+02, 1.0890348314958804e+02,
       1.2045704865150124e+03, -8.9665959068791551e+01,
       1.3164405273591069e+02, 1.2041390132331214e+03 ]

