%YAML:1.0
---
orginDistance: !!opencv-matrix
   rows: 4
   cols: 4
   dt: d
   data: [ 0., 6.5011947631835938e+01, 6.1328895568847656e+01,
       8.3048660278320312e+01, 6.5011947631835938e+01, 0.,
       9.0728492736816406e+01, 7.2935111999511719e+01,
       6.1328895568847656e+01, 9.0728492736816406e+01, 0.,
       4.7406787872314453e+01, 8.3048660278320312e+01,
       7.2935111999511719e+01, 4.7406787872314453e+01, 0. ]
orginPoint: !!opencv-matrix
   rows: 4
   cols: 3
   dt: f
   data: [ 1.55842087e+02, -5.84621668e+00, 1.26818420e+03,
       1.06173370e+02, 3.60589790e+01, 1.26630615e+03, 1.96765823e+02,
       3.98110695e+01, 1.26956018e+03, 1.66708603e+02, 7.64278412e+01,
       1.27134314e+03 ]
