%YAML:1.0
---
orginDistance: !!opencv-matrix
   rows: 4
   cols: 4
   dt: d
   data: [ 0., 5.5674186706542969e+01, 7.6988151550292969e+01,
       7.9271354675292969e+01, 5.5674186706542969e+01, 0.,
       9.2333038330078125e+01, 5.2711143493652344e+01,
       7.6988151550292969e+01, 9.2333038330078125e+01, 0.,
       6.0269432067871094e+01, 7.9271354675292969e+01,
       5.2711143493652344e+01, 6.0269432067871094e+01, 0. ]
orginPoint: !!opencv-matrix
   rows: 4
   cols: 3
   dt: f
   data: [ 2.20940979e+02, -7.41466064e+01, 1.66842480e+03,
       2.54151825e+02, -2.98372669e+01, 1.67419861e+03, 1.63455902e+02,
       -2.40297832e+01, 1.65789172e+03, 2.16258774e+02, 4.72849321e+00,
       1.66204175e+03 ]
