%YAML:1.0
---
orginDistance: !!opencv-matrix
   rows: 4
   cols: 4
   dt: d
   data: [ 0., 5.5842287063598633e+01, 7.9402751922607422e+01,
       8.2182342529296875e+01, 5.5842287063598633e+01, 0.,
       9.2577602386474609e+01, 5.5231010437011719e+01,
       7.9402751922607422e+01, 9.2577602386474609e+01, 0.,
       6.0604454040527344e+01, 8.2182342529296875e+01,
       5.5231010437011719e+01, 6.0604454040527344e+01, 0. ]
orginPoint: !!opencv-matrix
   rows: 4
   cols: 3
   dt: d
   data: [ 3.3247017860412598e+01, 6.1330928802490234e+01,
       1.2910911865234375e+03, 7.3881198883056641e+01,
       9.0922077178955078e+01, 1.2995542602539062e+03,
       -7.4219806194305420e+00, 1.2679525756835938e+02,
       1.2893764648437500e+03, 4.4654104232788086e+01,
       1.3866644287109375e+02, 1.2923548583984375e+03 ]
