%YAML:1.0
---
orginDistance: !!opencv-matrix
   rows: 4
   cols: 4
   dt: d
   data: [ 0., 5.6804821014404297e+01, 7.9132728576660156e+01,
       8.2734359741210938e+01, 5.6804821014404297e+01, 0.,
       9.2754501342773438e+01, 5.3951911926269531e+01,
       7.9132728576660156e+01, 9.2754501342773438e+01, 0.,
       6.0765342712402344e+01, 8.2734359741210938e+01,
       5.3951911926269531e+01, 6.0765342712402344e+01, 0. ]
orginPoint: !!opencv-matrix
   rows: 4
   cols: 3
   dt: f
   data: [ 4.07300148e+01, -6.40046005e+01, 1.34248621e+03,
       8.85653305e+01, -3.52273941e+01, 1.33197705e+03, 6.16051579e+00,
       6.99855185e+00, 1.33743726e+03, 6.61637650e+01, 1.38375759e+01,
       1.33070935e+03 ]
