%YAML:1.0
---
orginDistance0: !!opencv-matrix
   rows: 4
   cols: 4
   dt: d
   data: [ 0., 5.5881062435338066e+01, 7.9791106229077272e+01,
       8.1477280871631748e+01, 5.5881062435338066e+01, 0.,
       9.2975363893712057e+01, 5.4354116450800944e+01,
       7.9791106229077272e+01, 9.2975363893712057e+01, 0.,
       5.9120939285865639e+01, 8.1477280871631748e+01,
       5.4354116450800944e+01, 5.9120939285865639e+01, 0. ]
orginPoint0: !!opencv-matrix
   rows: 4
   cols: 3
   dt: d
   data: [ -9.0395017967067560e+01, 5.0747026063238344e+01,
       1.2138182098360710e+03, -5.3121446642796201e+01,
       9.2370309580484005e+01, 1.2128821068077709e+03,
       -1.4423670020119366e+02, 1.0890348314958804e+02,
       1.2045704865150124e+03, -8.9665959068791551e+01,
       1.3164405273591069e+02, 1.2041390132331214e+03 ]
orginDistance1: !!opencv-matrix
   rows: 4
   cols: 4
   dt: d
   data: [ 0., 5.6179415719096980e+01, 7.9467598566463849e+01,
       8.0696814657050780e+01, 5.6179415719096980e+01, 0.,
       9.3213149369855572e+01, 5.3940949665411857e+01,
       7.9467598566463849e+01, 9.3213149369855572e+01, 0.,
       5.9366228698186823e+01, 8.0696814657050780e+01,
       5.3940949665411857e+01, 5.9366228698186823e+01, 0. ]
orginPoint1: !!opencv-matrix
   rows: 4
   cols: 3
   dt: d
   data: [ -9.0385335513864646e+01, 5.1633714201469864e+01,
       1.2137678080917449e+03, -5.3341245181589059e+01,
       9.3658602296393838e+01, 1.2179833629309617e+03,
       -1.4483872446447867e+02, 1.0936189588205021e+02,
       1.2095983124906318e+03, -9.0042805593718228e+01,
       1.3220040677558003e+02, 1.2091998088889175e+03 ]
