%YAML:1.0
---
orginDistance: !!opencv-matrix
   rows: 4
   cols: 4
   dt: d
   data: [ 0., 5.5140544891357422e+01, 5.3891181945800781e+01,
       9.1667678833007812e+01, 5.5140544891357422e+01, 0.,
       8.2247566223144531e+01, 7.8613975524902344e+01,
       5.3891181945800781e+01, 8.2247566223144531e+01, 0.,
       6.0519538879394531e+01, 9.1667678833007812e+01,
       7.8613975524902344e+01, 6.0519538879394531e+01, 0. ]
orginPoint: !!opencv-matrix
   rows: 4
   cols: 3
   dt: f
   data: [ 1.54248611e+02, 1.05754833e+01, 1.17503210e+03,
       9.98175507e+01, 1.80301743e+01, 1.17032397e+03, 1.69728500e+02,
       6.06225128e+01, 1.16238586e+03, 1.19113007e+02, 9.16610641e+01,
       1.15066858e+03 ]
