%YAML:1.0
---
orginDistance: !!opencv-matrix
   rows: 4
   cols: 4
   dt: d
   data: [ 0., 6.2345991134643555e+01, 6.6355167388916016e+01,
       8.4778770446777344e+01, 6.2345991134643555e+01, 0.,
       9.1877300262451172e+01, 4.8422775268554688e+01,
       6.6355167388916016e+01, 9.1877300262451172e+01, 0.,
       7.3636390686035156e+01, 8.4778770446777344e+01,
       4.8422775268554688e+01, 7.3636390686035156e+01, 0. ]
orginPoint: !!opencv-matrix
   rows: 4
   cols: 3
   dt: d
   data: [ 1.9496903228759766e+02, 4.7133617401123047e+01,
       1.1401706542968750e+03, 2.4588586425781250e+02,
       8.0187522888183594e+01, 1.1342942504882812e+03,
       1.6546157836914062e+02, 1.0283927917480469e+02,
       1.1366953735351562e+03, 2.2848485565185547e+02,
       1.2719740676879883e+02, 1.1342830810546875e+03 ]
