%YAML:1.0
---
orginDistance: !!opencv-matrix
   rows: 4
   cols: 4
   dt: d
   data: [ 0., 6.0083988089620675e+01, 4.8042408832550549e+01,
       9.1246290432541912e+01, 6.0083988089620675e+01, 0.,
       8.1007887864816098e+01, 6.6008818488235917e+01,
       4.8042408832550549e+01, 8.1007887864816098e+01, 0.,
       7.0550995994597542e+01, 9.1246290432541912e+01,
       6.6008818488235917e+01, 7.0550995994597542e+01, 0. ]
orginPoint: !!opencv-matrix
   rows: 4
   cols: 3
   dt: d
   data: [ -4.4523261100157441e+01, 4.9924647440717813e+01,
       1.2692301336818687e+03, -1.0020235636952955e+02,
       6.8200429913512636e+01, 1.2769295876625738e+03,
       -2.2851690526162528e+01, 9.2684647708440991e+01,
       1.2786036488975935e+03, -8.2322108188998016e+01,
       1.2759485520795749e+02, 1.2893291293356124e+03 ]
