%YAML:1.0
---
orginDistance: !!opencv-matrix
   rows: 4
   cols: 4
   dt: d
   data: [ 0., 9.5083915710449219e+01, 1.1589558410644531e+02,
       1.3274618530273438e+02, 9.5083915710449219e+01, 0.,
       1.4162852478027344e+02, 7.7730979919433594e+01,
       1.1589558410644531e+02, 1.4162852478027344e+02, 0.,
       1.0378590393066406e+02, 1.3274618530273438e+02,
       7.7730979919433594e+01, 1.0378590393066406e+02, 0. ]
orginPoint: !!opencv-matrix
   rows: 4
   cols: 3
   dt: f
   data: [ 2.16074173e+02, 2.06291534e+02, 1.63684363e+03,
       1.62101318e+02, 2.82280548e+02, 1.61804065e+03, 3.02658569e+02,
       2.83316437e+02, 1.63539661e+03, 2.15404358e+02, 3.38472504e+02,
       1.62462512e+03 ]
