%YAML:1.0
---
orginDistance: !!opencv-matrix
   rows: 4
   cols: 4
   dt: d
   data: [ 0., 5.4470353401208101e+01, 8.0707348098546845e+01,
       8.0069089941176259e+01, 5.4470353401208101e+01, 0.,
       5.5101036931750691e+01, 9.1429234369247837e+01,
       8.0707348098546845e+01, 5.5101036931750691e+01, 0.,
       5.9992653487689950e+01, 8.0069089941176259e+01,
       9.1429234369247837e+01, 5.9992653487689950e+01, 0. ]
orginPoint: !!opencv-matrix
   rows: 4
   cols: 3
   dt: d
   data: [ -1.1263342937552170e+02, 2.8752456019972286e+01,
       1.3314564632649460e+03, -9.0451168033101482e+01,
       4.0162007652686462e+01, 1.3378641682227912e+03,
       -8.4056642221739125e+01, 9.1122414071086666e+01,
       1.3367068669722944e+03, -1.3092005186434312e+02,
       1.0878862487389159e+02, 1.3360624170269907e+03 ]
