%YAML:1.0
---
orginDistance: !!opencv-matrix
   rows: 4
   cols: 4
   dt: d
   data: [ 0., 1.1710185241699219e+02, 9.5524551391601562e+01,
       1.3137365722656250e+02, 1.1710185241699219e+02, 0.,
       1.4337882995605469e+02, 1.0301345062255859e+02,
       9.5524551391601562e+01, 1.4337882995605469e+02, 0.,
       7.7420944213867188e+01, 1.3137365722656250e+02,
       1.0301345062255859e+02, 7.7420944213867188e+01, 0. ]
orginPoint: !!opencv-matrix
   rows: 4
   cols: 3
   dt: f
   data: [ 6.00840225e+01, -4.71637726e+01, 1.28312073e+03,
       1.66399124e+02, -1.26558304e+00, 1.30053625e+03, 2.99564247e+01,
       4.25598679e+01, 1.29604114e+03, 9.90898590e+01, 7.66719208e+01,
       1.30317822e+03 ]
