%YAML:1.0
---
orginDistance: !!opencv-matrix
   rows: 4
   cols: 4
   dt: d
   data: [ 0., 3.4613708496093750e+02, 2.2891862487792969e+02,
       8.2901611328125000e+01, 3.4613708496093750e+02, 0.,
       5.6801678466796875e+02, 3.4550732421875000e+02,
       2.2891862487792969e+02, 5.6801678466796875e+02, 0.,
       2.2886131286621094e+02, 8.2901611328125000e+01,
       3.4550732421875000e+02, 2.2886131286621094e+02, 0. ]
orginPoint: !!opencv-matrix
   rows: 4
   cols: 3
   dt: f
   data: [ 1.80755936e+02, -4.03023911e+00, 1.29964575e+03,
       1.70853806e+02, 4.93771896e+01, 1.64149438e+03, 1.84758575e+02,
       3.35503616e+01, 1.07386841e+03, 1.98001129e+02, 7.70444031e+01,
       1.29816821e+03 ]
