%YAML:1.0
---
orginDistance: !!opencv-matrix
    rows: 4
    cols: 4
    dt: f
    data: [ 0., 79.41495679, 92.6760091, 60.54557344, 
            79.41495679, 0., 55.3985338, 82.12350075, 
            92.6760091, 55.3985338, 0., 54.1674151,
            60.54557344, 82.12350075, 54.1674151, 0.]
            
# orginPoint: !!opencv-matrix
#     rows: 4
#     cols: 3
#     dt: f
#     data: [ 14.414906327500171, 22.34505201771049, 449.62576160776894, 
#             86.50438840372979, 0.6729383451448048, 474.92717314288876, 
#             96.13160683183148, 55.10663416683474, 478.5723029681971,
#             47.43867422337718, 71.66474800800661, 461.57418427997044]

# angle roll point
orginPoint: !!opencv-matrix
    rows: 4
    cols: 3
    dt: f
    data: [ -167.14342463496814, 8.420319190720509, 986.6904096537902,
            -118.41900945718373, 35.577622160751176, 989.0086505398504,
            -198.57946661105413, 80.00622139464903, 978.2947870563543,
            -139.02824796111642, 85.0492918522255, 981.5225782012477]

# angle 45 point
# orginPoint: !!opencv-matrix
#     rows: 4
#     cols: 3
#     dt: f
#     data: [ 91.8697432859369,78.838659788794,1094.41516136417,
#             146.327686479815,85.1979419176709,1117.07491931479,
#             148.515967477196,140.89881742221,1115.94299995785,
#             91.8517380671744,159.527554204272,1095.86081485839]

# test point
# orginPoint: !!opencv-matrix
#     rows: 4
#     cols: 3
#     dt: f
#     data: [ 11.402377138005159, 22.452479238189188, 458.8405626214418, 
#             84.0008849766173, 1.0253193717497644, 484.2133958228639, 
#             93.7861030447076, 55.47613355449325, 487.92861245647583,
#             44.408427247312176, 71.80456867683641, 471.56922565559825]
