%YAML:1.0
---
orginDistance: !!opencv-matrix
    rows: 4
    cols: 4
    dt: f
    data: [ 0., 79.41495679, 92.6760091, 60.54557344, 
            79.41495679, 0., 55.3985338, 82.12350075, 
            92.6760091, 55.3985338, 0., 54.1674151,
            60.54557344, 82.12350075, 54.1674151, 0.]
            
# orginPoint: !!opencv-matrix
#     rows: 4
#     cols: 3
#     dt: f
#     data: [ 14.414906327500171, 22.34505201771049, 449.62576160776894, 
#             86.50438840372979, 0.6729383451448048, 474.92717314288876, 
#             96.13160683183148, 55.10663416683474, 478.5723029681971,
#             47.43867422337718, 71.66474800800661, 461.57418427997044]

# angle yaw point
# orginPoint: !!opencv-matrix
#     rows: 4
#     cols: 3
#     dt: f
#     data: [ 79.0535689575383,75.873324569923,506.137534744983,
#             26.2282793846452,85.5786041281269,474.712872784876,
#             18.649584647635,139.820720572527,471.836646112249,
#             67.0915905522434,155.206482583803,498.486358535671]

# angle roll point
# orginPoint: !!opencv-matrix
#     rows: 4
#     cols: 3
#     dt: f
#     data: [ -44.0145726770087, 8.798649579783023, 527.701249593885,
#             -108.19843228754773, 31.61413520189338, 577.8117526159643,
#             -110.63873258924696, 54.267976362253336, 592.7614598395812,
#             -109.79199833572353, 60.916027218136506, 584.6883792832364]

# angle 45 point
orginPoint: !!opencv-matrix
    rows: 4
    cols: 3
    dt: f
    data: [ 91.8697432859369,78.838659788794,1094.41516136417,
            146.327686479815,85.1979419176709,1117.07491931479,
            148.515967477196,140.89881742221,1115.94299995785,
            91.8517380671744,159.527554204272,1095.86081485839]

# test point
# orginPoint: !!opencv-matrix
#     rows: 4
#     cols: 3
#     dt: f
#     data: [ -58.228615, 0.23575233, 1294.0717,
#             -8.706552, 36.657295, 1296.5221,
#             -96.983376, 48.706562, 1289.1157,
#             -32.125164, 77.97045, 1301.583]
