%YAML:1.0
---
orginDistance: !!opencv-matrix
    rows: 4
    cols: 4
    dt: f
    data: [ 0., 79.41495679, 92.6760091, 60.54557344, 
            79.41495679, 0., 55.3985338, 82.12350075, 
            92.6760091, 55.3985338, 0., 54.1674151,
            60.54557344, 82.12350075, 54.1674151, 0.]
        # [ 0.,    79.,    93.,    61.,
        #     79.,   0.,     57.,    82.,
        #     93.,   57.,    0.,     54.,
        #     61.,   82.,    54.,    0.,]


orginPoint: !!opencv-matrix
    rows: 4
    cols: 3
    dt: f
    data: [ 14.414906327500171, 22.34505201771049, 449.62576160776894, 
            86.50438840372979, 0.6729383451448048, 474.92717314288876, 
            96.13160683183148, 55.10663416683474, 478.5723029681971,
            47.43867422337718, 71.66474800800661, 461.57418427997044]

testPoint: !!opencv-matrix
    rows: 4
    cols: 3
    dt: f
    data: [ 11.402377138005159, 22.452479238189188, 458.8405626214418, 
            84.0008849766173, 1.0253193717497644, 484.2133958228639, 
            93.7861030447076, 55.47613355449325, 487.92861245647583,
            44.408427247312176, 71.80456867683641, 471.56922565559825]


