%YAML:1.0
---
IntrinsicMatrix1: !!opencv-matrix
    rows: 3
    cols: 3
    dt: f
    data: [ 728.771843, 0.000000, 0.000000, 
            0.000000, 720.621172, 0.000000, 319.903189, 
            301.817830, 1.000000]
RadialDistortion1: !!opencv-matrix
    rows: 1
    cols: 2
    dt: f
    data: [ -0.067218, 0.594744]
TangentialDistortion1: !!opencv-matrix
    rows: 1
    cols: 2
    dt: f
    data: [ 0.000000, 0.000000]
IntrinsicMatrix2: !!opencv-matrix
    rows: 3
    cols: 3
    dt: f
    data: [ 678.359797, 0.000000, 0.000000, 
            0.000000, 671.570040, 0.000000, 330.733944, 
            274.096926, 1.000000]
RadialDistortion2: !!opencv-matrix
    rows: 1
    cols: 2
    dt: f
    data: [ 0.009102, 0.343206]
TangentialDistortion2: !!opencv-matrix
    rows: 1
    cols: 2
    dt: f
    data: [ 0.000000, 0.000000]
ImageSize: !!opencv-matrix
    rows: 1
    cols: 2
    dt: f
    data: [ 480.000000, 640.000000]
RotationOfCamera2: !!opencv-matrix
    rows: 3
    cols: 3
    dt: f
    data: [ 0.983736, 0.004678, 0.179562, 
            0.001382, 0.999434, -0.033612, -0.179617, 
            0.033314, 0.983172]
TranslationOfCamera2: !!opencv-matrix
    rows: 1
    cols: 3
    dt: f
    data: [ 444.772388, 7.985754, -104.638822]
FocalLength: !!opencv-matrix
    rows: 1
    cols: 2
    dt: f
    data: [ 728.771843, 720.621172]
EssentialMatrix: !!opencv-matrix
    rows: 3
    cols: 3
    dt: f
    data: [ 1.923477, 104.311178, 11.337278, 
            -182.800974, 14.805141, -418.492977, -5.775049, 
            444.509607, 16.251388]
FundamentalMatrix: !!opencv-matrix
    rows: 3
    cols: 3
    dt: f
    data: [ 0.000004, 0.000213, -0.048935, 
            -0.000374, 0.000031, -0.512904, 0.093165, 
            0.537883, -10.617553]
