%YAML:1.0
---
IntrinsicMatrix1: !!opencv-matrix
    rows: 3
    cols: 3
    dt: f
    data: [ 705.716603, 0.000000, 0.000000, 
            0.000000, 705.182917, 0.000000, 329.698906, 
            233.345702, 1.000000]
RadialDistortion1: !!opencv-matrix
    rows: 1
    cols: 2
    dt: f
    data: [ -0.306077, 12.606958]
TangentialDistortion1: !!opencv-matrix
    rows: 1
    cols: 2
    dt: f
    data: [ 0.000000, 0.000000]
IntrinsicMatrix2: !!opencv-matrix
    rows: 3
    cols: 3
    dt: f
    data: [ 745.049474, 0.000000, 0.000000, 
            0.000000, 741.592851, 0.000000, 334.638862, 
            268.851672, 1.000000]
RadialDistortion2: !!opencv-matrix
    rows: 1
    cols: 2
    dt: f
    data: [ -0.168305, 3.076806]
TangentialDistortion2: !!opencv-matrix
    rows: 1
    cols: 2
    dt: f
    data: [ 0.000000, 0.000000]
ImageSize: !!opencv-matrix
    rows: 1
    cols: 2
    dt: f
    data: [ 480.000000, 640.000000]
RotationOfCamera2: !!opencv-matrix
    rows: 3
    cols: 3
    dt: f
    data: [ 0.982942, -0.009283, -0.183683, 
            0.015836, 0.999288, 0.034241, 0.183235, 
            -0.036566, 0.982389]
TranslationOfCamera2: !!opencv-matrix
    rows: 1
    cols: 3
    dt: f
    data: [ -424.413438, -25.735323, 143.922827]
FocalLength: !!opencv-matrix
    rows: 1
    cols: 2
    dt: f
    data: [ 705.716603, 705.182917]
EssentialMatrix: !!opencv-matrix
    rows: 3
    cols: 3
    dt: f
    data: [ 6.063142, -144.701582, -20.019430, 
            63.510092, 16.811563, 443.310711, 29.236028, 
            -423.703772, 20.234657]
FundamentalMatrix: !!opencv-matrix
    rows: 3
    cols: 3
    dt: f
    data: [ 0.000012, -0.000275, 0.033595, 
            0.000121, 0.000032, 0.550271, 0.004943, 
            -0.517321, -12.403327]
