%YAML:1.0
---
IntrinsicMatrix1: !!opencv-matrix
    rows: 3
    cols: 3
    dt: f
    data: [ 684.730482, 0.000000, 0.000000, 
            0.000000, 683.769953, 0.000000, 343.989397, 
            234.875629, 1.000000]
RadialDistortion1: !!opencv-matrix
    rows: 1
    cols: 2
    dt: f
    data: [ -0.065133, 1.185460]
TangentialDistortion1: !!opencv-matrix
    rows: 1
    cols: 2
    dt: f
    data: [ 0.000000, 0.000000]
IntrinsicMatrix2: !!opencv-matrix
    rows: 3
    cols: 3
    dt: f
    data: [ 681.455796, 0.000000, 0.000000, 
            0.000000, 680.676814, 0.000000, 314.098692, 
            243.264279, 1.000000]
RadialDistortion2: !!opencv-matrix
    rows: 1
    cols: 2
    dt: f
    data: [ -0.058708, 0.143069]
TangentialDistortion2: !!opencv-matrix
    rows: 1
    cols: 2
    dt: f
    data: [ 0.000000, 0.000000]
ImageSize: !!opencv-matrix
    rows: 1
    cols: 2
    dt: f
    data: [ 480.000000, 640.000000]
RotationOfCamera2: !!opencv-matrix
    rows: 3
    cols: 3
    dt: f
    data: [ 0.993712, 0.015972, 0.110819, 
            -0.017529, 0.999761, 0.013090, -0.110583, 
            -0.014950, 0.993754]
TranslationOfCamera2: !!opencv-matrix
    rows: 1
    cols: 3
    dt: f
    data: [ 426.335721, 3.278634, 18.726501]
FocalLength: !!opencv-matrix
    rows: 1
    cols: 2
    dt: f
    data: [ 684.730482, 683.769953]
EssentialMatrix: !!opencv-matrix
    rows: 3
    cols: 3
    dt: f
    data: [ 0.064237, -18.679102, 3.538121, 
            -28.637378, -5.908954, -425.743836, 3.551375, 
            426.291156, -6.011219]
FundamentalMatrix: !!opencv-matrix
    rows: 3
    cols: 3
    dt: f
    data: [ 0.000000, -0.000040, 0.014560, 
            -0.000061, -0.000013, -0.601354, 0.020090, 
            0.639122, -12.512228]
