%YAML:1.0
---
IntrinsicMatrix1: !!opencv-matrix
    rows: 3
    cols: 3
    dt: f
    data: [ 691.570532, 0.000000, 0.000000, 
            0.000000, 690.778674, 0.000000, 310.015864, 
            258.986882, 1.000000]
RadialDistortion1: !!opencv-matrix
    rows: 1
    cols: 2
    dt: f
    data: [ 0.084765, -1.154611]
TangentialDistortion1: !!opencv-matrix
    rows: 1
    cols: 2
    dt: f
    data: [ 0.000000, 0.000000]
IntrinsicMatrix2: !!opencv-matrix
    rows: 3
    cols: 3
    dt: f
    data: [ 690.901349, 0.000000, 0.000000, 
            0.000000, 690.006890, 0.000000, 311.604681, 
            255.209031, 1.000000]
RadialDistortion2: !!opencv-matrix
    rows: 1
    cols: 2
    dt: f
    data: [ -0.251000, 17.443068]
TangentialDistortion2: !!opencv-matrix
    rows: 1
    cols: 2
    dt: f
    data: [ 0.000000, 0.000000]
ImageSize: !!opencv-matrix
    rows: 1
    cols: 2
    dt: f
    data: [ 480.000000, 640.000000]
RotationOfCamera2: !!opencv-matrix
    rows: 3
    cols: 3
    dt: f
    data: [ 0.981589, -0.007320, -0.190865, 
            0.006048, 0.999955, -0.007246, 0.190909, 
            0.005958, 0.981590]
TranslationOfCamera2: !!opencv-matrix
    rows: 1
    cols: 3
    dt: f
    data: [ -423.865425, 3.057408, 37.208226]
FocalLength: !!opencv-matrix
    rows: 1
    cols: 2
    dt: f
    data: [ 691.570532, 690.778674]
EssentialMatrix: !!opencv-matrix
    rows: 3
    cols: 3
    dt: f
    data: [ -0.311177, -37.228722, 2.779433, 
            -44.377752, -2.846204, 423.165292, 0.101695, 
            -423.865037, -3.109079]
FundamentalMatrix: !!opencv-matrix
    rows: 3
    cols: 3
    dt: f
    data: [ -0.000001, -0.000078, 0.024427, 
            -0.000093, -0.000006, 0.643654, 0.024084, 
            -0.587774, -16.117116]
