%YAML:1.0
---
IntrinsicMatrix1: !!opencv-matrix
    rows: 3
    cols: 3
    dt: f
    data: [ 697.561769, 0.000000, 0.000000, 
            0.000000, 698.325612, 0.000000, 358.801947, 
            253.696630, 1.000000]
RadialDistortion1: !!opencv-matrix
    rows: 1
    cols: 2
    dt: f
    data: [ -0.178389, 2.321940]
TangentialDistortion1: !!opencv-matrix
    rows: 1
    cols: 2
    dt: f
    data: [ 0.000000, 0.000000]
IntrinsicMatrix2: !!opencv-matrix
    rows: 3
    cols: 3
    dt: f
    data: [ 665.188911, 0.000000, 0.000000, 
            0.000000, 666.306187, 0.000000, 337.589133, 
            262.529786, 1.000000]
RadialDistortion2: !!opencv-matrix
    rows: 1
    cols: 2
    dt: f
    data: [ -0.280078, 2.748084]
TangentialDistortion2: !!opencv-matrix
    rows: 1
    cols: 2
    dt: f
    data: [ 0.000000, 0.000000]
ImageSize: !!opencv-matrix
    rows: 1
    cols: 2
    dt: f
    data: [ 480.000000, 640.000000]
RotationOfCamera2: !!opencv-matrix
    rows: 3
    cols: 3
    dt: f
    data: [ 0.976788, -0.004226, -0.214166, 
            0.008299, 0.999801, 0.018121, 0.214047, 
            -0.019477, 0.976629]
TranslationOfCamera2: !!opencv-matrix
    rows: 1
    cols: 3
    dt: f
    data: [ -405.240746, 22.586648, -111.718028]
FocalLength: !!opencv-matrix
    rows: 1
    cols: 2
    dt: f
    data: [ 697.561769, 698.325612]
EssentialMatrix: !!opencv-matrix
    rows: 3
    cols: 3
    dt: f
    data: [ -5.309457, 112.105121, 19.882806, 
            -195.913645, 6.416061, 371.857039, -20.349661, 
            -405.347698, 3.058420]
FundamentalMatrix: !!opencv-matrix
    rows: 3
    cols: 3
    dt: f
    data: [ -0.000011, 0.000241, -0.027230, 
            -0.000422, 0.000014, 0.705828, 0.085349, 
            -0.665549, -15.322757]
