%YAML:1.0
---
path: !!opencv-matrix
   rows: 215
   cols: 7
   dt: d
   data: [ 3.0625000000000000e+01, 250., 557., -180., 0., -90., 100000.,
       1.6562500000000000e+01, 250., 5.5262500000000000e+02, -180., 0.,
       -90., 100000., 2.5000000000000000e+00, 250.,
       5.4325000000000000e+02, -180., 0., -90., 100000.,
       -1.1562500000000000e+01, 250., 5.2637500000000000e+02, -180., 0.,
       -90., 100000., -2.5156250000000000e+01, 250., 517., -180., 0.,
       -90., 100000., -3.9218750000000000e+01, 250.,
       5.3512500000000000e+02, -180., 0., -90., 100000.,
       -5.3281250000000000e+01, 250., 5.4762500000000000e+02, -180., 0.,
       -90., 100000., -6.7343750000000000e+01, 250.,
       5.5450000000000000e+02, -180., 0., -90., 100000.,
       -8.1406250000000000e+01, 250., 5.5637500000000000e+02, -180., 0.,
       -90., 100000., -9.5468750000000000e+01, 250.,
       5.5450000000000000e+02, -180., 0., -90., 100000.,
       -1.0953125000000000e+02, 250., 5.4825000000000000e+02, -180., 0.,
       -90., 100000., -1.2359375000000000e+02, 250.,
       5.3512500000000000e+02, -180., 0., -90., 100000.,
       -1.3437500000000000e+02, 250., 5.1637500000000000e+02, -180., 0.,
       -90., 100000., -1.3906250000000000e+02, 250.,
       4.9762500000000000e+02, -180., 0., -90., 100000., -140., 250.,
       4.7887500000000000e+02, -180., 0., -90., 100000.,
       -1.3812500000000000e+02, 250., 4.6012500000000000e+02, -180., 0.,
       -90., 100000., -1.3343750000000000e+02, 250.,
       4.4137500000000000e+02, -180., 0., -90., 100000.,
       -1.2640625000000000e+02, 250., 4.2262500000000000e+02, -180., 0.,
       -90., 100000., -1.1703125000000000e+02, 250.,
       4.0387500000000000e+02, -180., 0., -90., 100000.,
       -1.0531250000000000e+02, 250., 3.8512500000000000e+02, -180., 0.,
       -90., 100000., -9.2187500000000000e+01, 250.,
       3.6637500000000000e+02, -180., 0., -90., 100000.,
       -7.8125000000000000e+01, 250., 3.4887500000000000e+02, -180., 0.,
       -90., 100000., -6.4062500000000000e+01, 250.,
       3.3137500000000000e+02, -180., 0., -90., 100000., -50., 250.,
       3.1387500000000000e+02, -180., 0., -90., 100000.,
       -3.5937500000000000e+01, 250., 2.9637500000000000e+02, -180., 0.,
       -90., 100000., -2.1875000000000000e+01, 250.,
       2.7825000000000000e+02, -180., 0., -90., 100000.,
       -7.8125000000000000e+00, 250., 2.9512500000000000e+02, -180., 0.,
       -90., 100000., 6.2500000000000000e+00, 250.,
       3.1387500000000000e+02, -180., 0., -90., 100000.,
       2.0312500000000000e+01, 250., 3.3262500000000000e+02, -180., 0.,
       -90., 100000., 3.4375000000000000e+01, 250.,
       3.5075000000000000e+02, -180., 0., -90., 100000.,
       4.8437500000000000e+01, 250., 3.6887500000000000e+02, -180., 0.,
       -90., 100000., 6.2500000000000000e+01, 250.,
       3.8762500000000000e+02, -180., 0., -90., 100000.,
       7.5156250000000000e+01, 250., 4.0637500000000000e+02, -180., 0.,
       -90., 100000., 8.5937500000000000e+01, 250.,
       4.2512500000000000e+02, -180., 0., -90., 100000.,
       9.4375000000000000e+01, 250., 4.4387500000000000e+02, -180., 0.,
       -90., 100000., 9.8593750000000000e+01, 250.,
       4.6262500000000000e+02, -180., 0., -90., 100000.,
       9.9531250000000000e+01, 250., 4.8137500000000000e+02, -180., 0.,
       -90., 100000., 9.6718750000000000e+01, 250.,
       5.0012500000000000e+02, -180., 0., -90., 100000.,
       8.9687500000000000e+01, 250., 5.1887500000000000e+02, -180., 0.,
       -90., 100000., 7.7500000000000000e+01, 250., 537., -180., 0.,
       -90., 100000., 6.3437500000000000e+01, 250.,
       5.4887500000000000e+02, -180., 0., -90., 100000.,
       4.9375000000000000e+01, 250., 5.5512500000000000e+02, -180., 0.,
       -90., 100000., 3.5312500000000000e+01, 250., 557., -180., 0.,
       -90., 100000., 3.0625000000000000e+01, 310., 557., -180., 0.,
       -90., 100000., 1.6562500000000000e+01, 310.,
       5.5262500000000000e+02, -180., 0., -90., 100000.,
       2.5000000000000000e+00, 310., 5.4325000000000000e+02, -180., 0.,
       -90., 100000., -1.1562500000000000e+01, 310.,
       5.2637500000000000e+02, -180., 0., -90., 100000.,
       -2.5156250000000000e+01, 310., 517., -180., 0., -90., 100000.,
       -3.9218750000000000e+01, 310., 5.3512500000000000e+02, -180., 0.,
       -90., 100000., -5.3281250000000000e+01, 310.,
       5.4762500000000000e+02, -180., 0., -90., 100000.,
       -6.7343750000000000e+01, 310., 5.5450000000000000e+02, -180., 0.,
       -90., 100000., -8.1406250000000000e+01, 310.,
       5.5637500000000000e+02, -180., 0., -90., 100000.,
       -9.5468750000000000e+01, 310., 5.5450000000000000e+02, -180., 0.,
       -90., 100000., -1.0953125000000000e+02, 310.,
       5.4825000000000000e+02, -180., 0., -90., 100000.,
       -1.2359375000000000e+02, 310., 5.3512500000000000e+02, -180., 0.,
       -90., 100000., -1.3437500000000000e+02, 310.,
       5.1637500000000000e+02, -180., 0., -90., 100000.,
       -1.3906250000000000e+02, 310., 4.9762500000000000e+02, -180., 0.,
       -90., 100000., -140., 310., 4.7887500000000000e+02, -180., 0.,
       -90., 100000., -1.3812500000000000e+02, 310.,
       4.6012500000000000e+02, -180., 0., -90., 100000.,
       -1.3343750000000000e+02, 310., 4.4137500000000000e+02, -180., 0.,
       -90., 100000., -1.2640625000000000e+02, 310.,
       4.2262500000000000e+02, -180., 0., -90., 100000.,
       -1.1703125000000000e+02, 310., 4.0387500000000000e+02, -180., 0.,
       -90., 100000., -1.0531250000000000e+02, 310.,
       3.8512500000000000e+02, -180., 0., -90., 100000.,
       -9.2187500000000000e+01, 310., 3.6637500000000000e+02, -180., 0.,
       -90., 100000., -7.8125000000000000e+01, 310.,
       3.4887500000000000e+02, -180., 0., -90., 100000.,
       -6.4062500000000000e+01, 310., 3.3137500000000000e+02, -180., 0.,
       -90., 100000., -50., 310., 3.1387500000000000e+02, -180., 0.,
       -90., 100000., -3.5937500000000000e+01, 310.,
       2.9637500000000000e+02, -180., 0., -90., 100000.,
       -2.1875000000000000e+01, 310., 2.7825000000000000e+02, -180., 0.,
       -90., 100000., -7.8125000000000000e+00, 310.,
       2.9512500000000000e+02, -180., 0., -90., 100000.,
       6.2500000000000000e+00, 310., 3.1387500000000000e+02, -180., 0.,
       -90., 100000., 2.0312500000000000e+01, 310.,
       3.3262500000000000e+02, -180., 0., -90., 100000.,
       3.4375000000000000e+01, 310., 3.5075000000000000e+02, -180., 0.,
       -90., 100000., 4.8437500000000000e+01, 310.,
       3.6887500000000000e+02, -180., 0., -90., 100000.,
       6.2500000000000000e+01, 310., 3.8762500000000000e+02, -180., 0.,
       -90., 100000., 7.5156250000000000e+01, 310.,
       4.0637500000000000e+02, -180., 0., -90., 100000.,
       8.5937500000000000e+01, 310., 4.2512500000000000e+02, -180., 0.,
       -90., 100000., 9.4375000000000000e+01, 310.,
       4.4387500000000000e+02, -180., 0., -90., 100000.,
       9.8593750000000000e+01, 310., 4.6262500000000000e+02, -180., 0.,
       -90., 100000., 9.9531250000000000e+01, 310.,
       4.8137500000000000e+02, -180., 0., -90., 100000.,
       9.6718750000000000e+01, 310., 5.0012500000000000e+02, -180., 0.,
       -90., 100000., 8.9687500000000000e+01, 310.,
       5.1887500000000000e+02, -180., 0., -90., 100000.,
       7.7500000000000000e+01, 310., 537., -180., 0., -90., 100000.,
       6.3437500000000000e+01, 310., 5.4887500000000000e+02, -180., 0.,
       -90., 100000., 4.9375000000000000e+01, 310.,
       5.5512500000000000e+02, -180., 0., -90., 100000.,
       3.5312500000000000e+01, 310., 557., -180., 0., -90., 100000.,
       3.0625000000000000e+01, 370., 557., -180., 0., -90., 100000.,
       1.6562500000000000e+01, 370., 5.5262500000000000e+02, -180., 0.,
       -90., 100000., 2.5000000000000000e+00, 370.,
       5.4325000000000000e+02, -180., 0., -90., 100000.,
       -1.1562500000000000e+01, 370., 5.2637500000000000e+02, -180., 0.,
