%YAML:1.0
---
path: !!opencv-matrix
   rows: 100
   cols: 7
   dt: d
   data: [ -260., 281., 557., -180., 0., -90., 100000., -260., 281.,
       5.2575000000000000e+02, -180., 0., -90., 100000., -260., 281.,
       4.9450000000000000e+02, -180., 0., -90., 100000., -260., 281.,
       4.6325000000000000e+02, -180., 0., -90., 100000., -260., 281.,
       432., -180., 0., -90., 100000., -260., 281.,
       4.0075000000000000e+02, -180., 0., -90., 100000., -260., 281.,
       3.6950000000000000e+02, -180., 0., -90., 100000., -260., 281.,
       3.3825000000000000e+02, -180., 0., -90., 100000., -260., 281.,
       307., -180., 0., -90., 100000., -260., 281.,
       2.7575000000000000e+02, -180., 0., -90., 100000.,
       -2.3656250000000000e+02, 281., 557., -180., 0., -90., 100000.,
       -2.3656250000000000e+02, 281., 5.2575000000000000e+02, -180., 0.,
       -90., 100000., -2.3656250000000000e+02, 281.,
       4.9450000000000000e+02, -180., 0., -90., 100000.,
       -2.3656250000000000e+02, 281., 4.6325000000000000e+02, -180., 0.,
       -90., 100000., -2.3656250000000000e+02, 281., 432., -180., 0.,
       -90., 100000., -2.3656250000000000e+02, 281.,
       4.0075000000000000e+02, -180., 0., -90., 100000.,
       -2.3656250000000000e+02, 281., 3.6950000000000000e+02, -180., 0.,
       -90., 100000., -2.3656250000000000e+02, 281.,
       3.3825000000000000e+02, -180., 0., -90., 100000.,
       -2.3656250000000000e+02, 281., 307., -180., 0., -90., 100000.,
       -2.3656250000000000e+02, 281., 2.7575000000000000e+02, -180., 0.,
       -90., 100000., -2.1312500000000000e+02, 281., 557., -180., 0.,
       -90., 100000., -2.1312500000000000e+02, 281.,
       5.2575000000000000e+02, -180., 0., -90., 100000.,
       -2.1312500000000000e+02, 281., 4.9450000000000000e+02, -180., 0.,
       -90., 100000., -2.1312500000000000e+02, 281.,
       4.6325000000000000e+02, -180., 0., -90., 100000.,
       -2.1312500000000000e+02, 281., 432., -180., 0., -90., 100000.,
       -2.1312500000000000e+02, 281., 4.0075000000000000e+02, -180., 0.,
       -90., 100000., -2.1312500000000000e+02, 281.,
       3.6950000000000000e+02, -180., 0., -90., 100000.,
       -2.1312500000000000e+02, 281., 3.3825000000000000e+02, -180., 0.,
       -90., 100000., -2.1312500000000000e+02, 281., 307., -180., 0.,
       -90., 100000., -2.1312500000000000e+02, 281.,
       2.7575000000000000e+02, -180., 0., -90., 100000.,
       -1.8968750000000000e+02, 281., 557., -180., 0., -90., 100000.,
       -1.8968750000000000e+02, 281., 5.2575000000000000e+02, -180., 0.,
       -90., 100000., -1.8968750000000000e+02, 281.,
       4.9450000000000000e+02, -180., 0., -90., 100000.,
       -1.8968750000000000e+02, 281., 4.6325000000000000e+02, -180., 0.,
       -90., 100000., -1.8968750000000000e+02, 281., 432., -180., 0.,
       -90., 100000., -1.8968750000000000e+02, 281.,
       4.0075000000000000e+02, -180., 0., -90., 100000.,
       -1.8968750000000000e+02, 281., 3.6950000000000000e+02, -180., 0.,
       -90., 100000., -1.8968750000000000e+02, 281.,
       3.3825000000000000e+02, -180., 0., -90., 100000.,
       -1.8968750000000000e+02, 281., 307., -180., 0., -90., 100000.,
       -1.8968750000000000e+02, 281., 2.7575000000000000e+02, -180., 0.,
       -90., 100000., -1.6625000000000000e+02, 281., 557., -180., 0.,
       -90., 100000., -1.6625000000000000e+02, 281.,
       5.2575000000000000e+02, -180., 0., -90., 100000.,
       -1.6625000000000000e+02, 281., 4.9450000000000000e+02, -180., 0.,
       -90., 100000., -1.6625000000000000e+02, 281.,
       4.6325000000000000e+02, -180., 0., -90., 100000.,
       -1.6625000000000000e+02, 281., 432., -180., 0., -90., 100000.,
       -1.6625000000000000e+02, 281., 4.0075000000000000e+02, -180., 0.,
       -90., 100000., -1.6625000000000000e+02, 281.,
       3.6950000000000000e+02, -180., 0., -90., 100000.,
       -1.6625000000000000e+02, 281., 3.3825000000000000e+02, -180., 0.,
       -90., 100000., -1.6625000000000000e+02, 281., 307., -180., 0.,
       -90., 100000., -1.6625000000000000e+02, 281.,
       2.7575000000000000e+02, -180., 0., -90., 100000.,
       -1.4281250000000000e+02, 281., 557., -180., 0., -90., 100000.,
       -1.4281250000000000e+02, 281., 5.2575000000000000e+02, -180., 0.,
       -90., 100000., -1.4281250000000000e+02, 281.,
       4.9450000000000000e+02, -180., 0., -90., 100000.,
       -1.4281250000000000e+02, 281., 4.6325000000000000e+02, -180., 0.,
       -90., 100000., -1.4281250000000000e+02, 281., 432., -180., 0.,
       -90., 100000., -1.4281250000000000e+02, 281.,
       4.0075000000000000e+02, -180., 0., -90., 100000.,
       -1.4281250000000000e+02, 281., 3.6950000000000000e+02, -180., 0.,
       -90., 100000., -1.4281250000000000e+02, 281.,
       3.3825000000000000e+02, -180., 0., -90., 100000.,
       -1.4281250000000000e+02, 281., 307., -180., 0., -90., 100000.,
       -1.4281250000000000e+02, 281., 2.7575000000000000e+02, -180., 0.,
       -90., 100000., -1.1937500000000000e+02, 281., 557., -180., 0.,
       -90., 100000., -1.1937500000000000e+02, 281.,
       5.2575000000000000e+02, -180., 0., -90., 100000.,
       -1.1937500000000000e+02, 281., 4.9450000000000000e+02, -180., 0.,
       -90., 100000., -1.1937500000000000e+02, 281.,
       4.6325000000000000e+02, -180., 0., -90., 100000.,
       -1.1937500000000000e+02, 281., 432., -180., 0., -90., 100000.,
       -1.1937500000000000e+02, 281., 4.0075000000000000e+02, -180., 0.,
       -90., 100000., -1.1937500000000000e+02, 281.,
       3.6950000000000000e+02, -180., 0., -90., 100000.,
       -1.1937500000000000e+02, 281., 3.3825000000000000e+02, -180., 0.,
       -90., 100000., -1.1937500000000000e+02, 281., 307., -180., 0.,
       -90., 100000., -1.1937500000000000e+02, 281.,
       2.7575000000000000e+02, -180., 0., -90., 100000.,
       -9.5937500000000000e+01, 281., 557., -180., 0., -90., 100000.,
       -9.5937500000000000e+01, 281., 5.2575000000000000e+02, -180., 0.,
       -90., 100000., -9.5937500000000000e+01, 281.,
       4.9450000000000000e+02, -180., 0., -90., 100000.,
       -9.5937500000000000e+01, 281., 4.6325000000000000e+02, -180., 0.,
       -90., 100000., -9.5937500000000000e+01, 281., 432., -180., 0.,
       -90., 100000., -9.5937500000000000e+01, 281.,
       4.0075000000000000e+02, -180., 0., -90., 100000.,
       -9.5937500000000000e+01, 281., 3.6950000000000000e+02, -180., 0.,
       -90., 100000., -9.5937500000000000e+01, 281.,
       3.3825000000000000e+02, -180., 0., -90., 100000.,
       -9.5937500000000000e+01, 281., 307., -180., 0., -90., 100000.,
       -9.5937500000000000e+01, 281., 2.7575000000000000e+02, -180., 0.,
       -90., 100000., -7.2500000000000000e+01, 281., 557., -180., 0.,
       -90., 100000., -7.2500000000000000e+01, 281.,
       5.2575000000000000e+02, -180., 0., -90., 100000.,
       -7.2500000000000000e+01, 281., 4.9450000000000000e+02, -180., 0.,
       -90., 100000., -7.2500000000000000e+01, 281.,
       4.6325000000000000e+02, -180., 0., -90., 100000.,
       -7.2500000000000000e+01, 281., 432., -180., 0., -90., 100000.,
       -7.2500000000000000e+01, 281., 4.0075000000000000e+02, -180., 0.,
       -90., 100000., -7.2500000000000000e+01, 281.,
       3.6950000000000000e+02, -180., 0., -90., 100000.,
       -7.2500000000000000e+01, 281., 3.3825000000000000e+02, -180., 0.,
       -90., 100000., -7.2500000000000000e+01, 281., 307., -180., 0.,
       -90., 100000., -7.2500000000000000e+01, 281.,
       2.7575000000000000e+02, -180., 0., -90., 100000.,
       -4.9062500000000000e+01, 281., 557., -180., 0., -90., 100000.,
       -4.9062500000000000e+01, 281., 5.2575000000000000e+02, -180., 0.,
       -90., 100000., -4.9062500000000000e+01, 281.,
       4.9450000000000000e+02, -180., 0., -90., 100000.,
       -4.9062500000000000e+01, 281., 4.6325000000000000e+02, -180., 0.,
       -90., 100000., -4.9062500000000000e+01, 281., 432., -180., 0.,
       -90., 100000., -4.9062500000000000e+01, 281.,
