%YAML:1.0
---
path: !!opencv-matrix
   rows: 125
   cols: 7
   dt: d
   data: [ -140., 250., 557., -180., 0., -90., 100000., -140., 250.,
       4.9450000000000000e+02, -180., 0., -90., 100000., -140., 250.,
       432., -180., 0., -90., 100000., -140., 250.,
       3.6950000000000000e+02, -180., 0., -90., 100000., -140., 250.,
       307., -180., 0., -90., 100000., -9.3125000000000000e+01, 250.,
       557., -180., 0., -90., 100000., -9.3125000000000000e+01, 250.,
       4.9450000000000000e+02, -180., 0., -90., 100000.,
       -9.3125000000000000e+01, 250., 432., -180., 0., -90., 100000.,
       -9.3125000000000000e+01, 250., 3.6950000000000000e+02, -180., 0.,
       -90., 100000., -9.3125000000000000e+01, 250., 307., -180., 0.,
       -90., 100000., -4.6250000000000000e+01, 250., 557., -180., 0.,
       -90., 100000., -4.6250000000000000e+01, 250.,
       4.9450000000000000e+02, -180., 0., -90., 100000.,
       -4.6250000000000000e+01, 250., 432., -180., 0., -90., 100000.,
       -4.6250000000000000e+01, 250., 3.6950000000000000e+02, -180., 0.,
       -90., 100000., -4.6250000000000000e+01, 250., 307., -180., 0.,
       -90., 100000., 6.2500000000000000e-01, 250., 557., -180., 0.,
       -90., 100000., 6.2500000000000000e-01, 250.,
       4.9450000000000000e+02, -180., 0., -90., 100000.,
       6.2500000000000000e-01, 250., 432., -180., 0., -90., 100000.,
       6.2500000000000000e-01, 250., 3.6950000000000000e+02, -180., 0.,
       -90., 100000., 6.2500000000000000e-01, 250., 307., -180., 0.,
       -90., 100000., 4.7500000000000000e+01, 250., 557., -180., 0.,
       -90., 100000., 4.7500000000000000e+01, 250.,
       4.9450000000000000e+02, -180., 0., -90., 100000.,
       4.7500000000000000e+01, 250., 432., -180., 0., -90., 100000.,
       4.7500000000000000e+01, 250., 3.6950000000000000e+02, -180., 0.,
       -90., 100000., 4.7500000000000000e+01, 250., 307., -180., 0.,
       -90., 100000., -140., 310., 557., -180., 0., -90., 100000., -140.,
       310., 4.9450000000000000e+02, -180., 0., -90., 100000., -140.,
       310., 432., -180., 0., -90., 100000., -140., 310.,
       3.6950000000000000e+02, -180., 0., -90., 100000., -140., 310.,
       307., -180., 0., -90., 100000., -9.3125000000000000e+01, 310.,
       557., -180., 0., -90., 100000., -9.3125000000000000e+01, 310.,
       4.9450000000000000e+02, -180., 0., -90., 100000.,
       -9.3125000000000000e+01, 310., 432., -180., 0., -90., 100000.,
       -9.3125000000000000e+01, 310., 3.6950000000000000e+02, -180., 0.,
       -90., 100000., -9.3125000000000000e+01, 310., 307., -180., 0.,
       -90., 100000., -4.6250000000000000e+01, 310., 557., -180., 0.,
       -90., 100000., -4.6250000000000000e+01, 310.,
       4.9450000000000000e+02, -180., 0., -90., 100000.,
       -4.6250000000000000e+01, 310., 432., -180., 0., -90., 100000.,
       -4.6250000000000000e+01, 310., 3.6950000000000000e+02, -180., 0.,
       -90., 100000., -4.6250000000000000e+01, 310., 307., -180., 0.,
       -90., 100000., 6.2500000000000000e-01, 310., 557., -180., 0.,
       -90., 100000., 6.2500000000000000e-01, 310.,
       4.9450000000000000e+02, -180., 0., -90., 100000.,
       6.2500000000000000e-01, 310., 432., -180., 0., -90., 100000.,
       6.2500000000000000e-01, 310., 3.6950000000000000e+02, -180., 0.,
       -90., 100000., 6.2500000000000000e-01, 310., 307., -180., 0.,
       -90., 100000., 4.7500000000000000e+01, 310., 557., -180., 0.,
       -90., 100000., 4.7500000000000000e+01, 310.,
       4.9450000000000000e+02, -180., 0., -90., 100000.,
       4.7500000000000000e+01, 310., 432., -180., 0., -90., 100000.,
       4.7500000000000000e+01, 310., 3.6950000000000000e+02, -180., 0.,
       -90., 100000., 4.7500000000000000e+01, 310., 307., -180., 0.,
       -90., 100000., -140., 370., 557., -180., 0., -90., 100000., -140.,
       370., 4.9450000000000000e+02, -180., 0., -90., 100000., -140.,
       370., 432., -180., 0., -90., 100000., -140., 370.,
       3.6950000000000000e+02, -180., 0., -90., 100000., -140., 370.,
       307., -180., 0., -90., 100000., -9.3125000000000000e+01, 370.,
       557., -180., 0., -90., 100000., -9.3125000000000000e+01, 370.,
       4.9450000000000000e+02, -180., 0., -90., 100000.,
       -9.3125000000000000e+01, 370., 432., -180., 0., -90., 100000.,
       -9.3125000000000000e+01, 370., 3.6950000000000000e+02, -180., 0.,
       -90., 100000., -9.3125000000000000e+01, 370., 307., -180., 0.,
       -90., 100000., -4.6250000000000000e+01, 370., 557., -180., 0.,
       -90., 100000., -4.6250000000000000e+01, 370.,
       4.9450000000000000e+02, -180., 0., -90., 100000.,
       -4.6250000000000000e+01, 370., 432., -180., 0., -90., 100000.,
       -4.6250000000000000e+01, 370., 3.6950000000000000e+02, -180., 0.,
       -90., 100000., -4.6250000000000000e+01, 370., 307., -180., 0.,
       -90., 100000., 6.2500000000000000e-01, 370., 557., -180., 0.,
       -90., 100000., 6.2500000000000000e-01, 370.,
       4.9450000000000000e+02, -180., 0., -90., 100000.,
       6.2500000000000000e-01, 370., 432., -180., 0., -90., 100000.,
       6.2500000000000000e-01, 370., 3.6950000000000000e+02, -180., 0.,
       -90., 100000., 6.2500000000000000e-01, 370., 307., -180., 0.,
       -90., 100000., 4.7500000000000000e+01, 370., 557., -180., 0.,
       -90., 100000., 4.7500000000000000e+01, 370.,
       4.9450000000000000e+02, -180., 0., -90., 100000.,
       4.7500000000000000e+01, 370., 432., -180., 0., -90., 100000.,
       4.7500000000000000e+01, 370., 3.6950000000000000e+02, -180., 0.,
       -90., 100000., 4.7500000000000000e+01, 370., 307., -180., 0.,
       -90., 100000., -140., 430., 557., -180., 0., -90., 100000., -140.,
       430., 4.9450000000000000e+02, -180., 0., -90., 100000., -140.,
       430., 432., -180., 0., -90., 100000., -140., 430.,
       3.6950000000000000e+02, -180., 0., -90., 100000., -140., 430.,
       307., -180., 0., -90., 100000., -9.3125000000000000e+01, 430.,
       557., -180., 0., -90., 100000., -9.3125000000000000e+01, 430.,
       4.9450000000000000e+02, -180., 0., -90., 100000.,
       -9.3125000000000000e+01, 430., 432., -180., 0., -90., 100000.,
       -9.3125000000000000e+01, 430., 3.6950000000000000e+02, -180., 0.,
       -90., 100000., -9.3125000000000000e+01, 430., 307., -180., 0.,
       -90., 100000., -4.6250000000000000e+01, 430., 557., -180., 0.,
       -90., 100000., -4.6250000000000000e+01, 430.,
       4.9450000000000000e+02, -180., 0., -90., 100000.,
       -4.6250000000000000e+01, 430., 432., -180., 0., -90., 100000.,
       -4.6250000000000000e+01, 430., 3.6950000000000000e+02, -180., 0.,
       -90., 100000., -4.6250000000000000e+01, 430., 307., -180., 0.,
       -90., 100000., 6.2500000000000000e-01, 430., 557., -180., 0.,
       -90., 100000., 6.2500000000000000e-01, 430.,
       4.9450000000000000e+02, -180., 0., -90., 100000.,
       6.2500000000000000e-01, 430., 432., -180., 0., -90., 100000.,
       6.2500000000000000e-01, 430., 3.6950000000000000e+02, -180., 0.,
       -90., 100000., 6.2500000000000000e-01, 430., 307., -180., 0.,
       -90., 100000., 4.7500000000000000e+01, 430., 557., -180., 0.,
       -90., 100000., 4.7500000000000000e+01, 430.,
       4.9450000000000000e+02, -180., 0., -90., 100000.,
       4.7500000000000000e+01, 430., 432., -180., 0., -90., 100000.,
       4.7500000000000000e+01, 430., 3.6950000000000000e+02, -180., 0.,
       -90., 100000., 4.7500000000000000e+01, 430., 307., -180., 0.,
       -90., 100000., -140., 490., 557., -180., 0., -90., 100000., -140.,
       490., 4.9450000000000000e+02, -180., 0., -90., 100000., -140.,
       490., 432., -180., 0., -90., 100000., -140., 490.,
       3.6950000000000000e+02, -180., 0., -90., 100000., -140., 490.,
       307., -180., 0., -90., 100000., -9.3125000000000000e+01, 490.,
       557., -180., 0., -90., 100000., -9.3125000000000000e+01, 490.,
       4.9450000000000000e+02, -180., 0., -90., 100000.,
