%YAML:1.0
---
path: !!opencv-matrix
   rows: 215
   cols: 7
   dt: d
   data: [ -8.9375000000000000e+01, 281., 557., -180., 0., -90., 100000.,
       -1.0343750000000000e+02, 281., 5.5262500000000000e+02, -180., 0.,
       -90., 100000., -1.1750000000000000e+02, 281.,
       5.4325000000000000e+02, -180., 0., -90., 100000.,
       -1.3156250000000000e+02, 281., 5.2637500000000000e+02, -180., 0.,
       -90., 100000., -1.4515625000000000e+02, 281., 517., -180., 0.,
       -90., 100000., -1.5921875000000000e+02, 281.,
       5.3512500000000000e+02, -180., 0., -90., 100000.,
       -1.7328125000000000e+02, 281., 5.4762500000000000e+02, -180., 0.,
       -90., 100000., -1.8734375000000000e+02, 281.,
       5.5450000000000000e+02, -180., 0., -90., 100000.,
       -2.0140625000000000e+02, 281., 5.5637500000000000e+02, -180., 0.,
       -90., 100000., -2.1546875000000000e+02, 281.,
       5.5450000000000000e+02, -180., 0., -90., 100000.,
       -2.2953125000000000e+02, 281., 5.4825000000000000e+02, -180., 0.,
       -90., 100000., -2.4359375000000000e+02, 281.,
       5.3512500000000000e+02, -180., 0., -90., 100000.,
       -2.5437500000000000e+02, 281., 5.1637500000000000e+02, -180., 0.,
       -90., 100000., -2.5906250000000000e+02, 281.,
       4.9762500000000000e+02, -180., 0., -90., 100000., -260., 281.,
       4.7887500000000000e+02, -180., 0., -90., 100000.,
       -2.5812500000000000e+02, 281., 4.6012500000000000e+02, -180., 0.,
       -90., 100000., -2.5343750000000000e+02, 281.,
       4.4137500000000000e+02, -180., 0., -90., 100000.,
       -2.4640625000000000e+02, 281., 4.2262500000000000e+02, -180., 0.,
       -90., 100000., -2.3703125000000000e+02, 281.,
       4.0387500000000000e+02, -180., 0., -90., 100000.,
       -2.2531250000000000e+02, 281., 3.8512500000000000e+02, -180., 0.,
       -90., 100000., -2.1218750000000000e+02, 281.,
       3.6637500000000000e+02, -180., 0., -90., 100000.,
       -1.9812500000000000e+02, 281., 3.4887500000000000e+02, -180., 0.,
       -90., 100000., -1.8406250000000000e+02, 281.,
       3.3137500000000000e+02, -180., 0., -90., 100000., -170., 281.,
       3.1387500000000000e+02, -180., 0., -90., 100000.,
       -1.5593750000000000e+02, 281., 2.9637500000000000e+02, -180., 0.,
       -90., 100000., -1.4187500000000000e+02, 281.,
       2.7825000000000000e+02, -180., 0., -90., 100000.,
       -1.2781250000000000e+02, 281., 2.9512500000000000e+02, -180., 0.,
       -90., 100000., -1.1375000000000000e+02, 281.,
       3.1387500000000000e+02, -180., 0., -90., 100000.,
       -9.9687500000000000e+01, 281., 3.3262500000000000e+02, -180., 0.,
       -90., 100000., -8.5625000000000000e+01, 281.,
       3.5075000000000000e+02, -180., 0., -90., 100000.,
       -7.1562500000000000e+01, 281., 3.6887500000000000e+02, -180., 0.,
       -90., 100000., -5.7500000000000000e+01, 281.,
       3.8762500000000000e+02, -180., 0., -90., 100000.,
       -4.4843750000000000e+01, 281., 4.0637500000000000e+02, -180., 0.,
       -90., 100000., -3.4062500000000000e+01, 281.,
       4.2512500000000000e+02, -180., 0., -90., 100000.,
       -2.5625000000000000e+01, 281., 4.4387500000000000e+02, -180., 0.,
       -90., 100000., -2.1406250000000000e+01, 281.,
       4.6262500000000000e+02, -180., 0., -90., 100000.,
       -2.0468750000000000e+01, 281., 4.8137500000000000e+02, -180., 0.,
       -90., 100000., -2.3281250000000000e+01, 281.,
       5.0012500000000000e+02, -180., 0., -90., 100000.,
       -3.0312500000000000e+01, 281., 5.1887500000000000e+02, -180., 0.,
       -90., 100000., -4.2500000000000000e+01, 281., 537., -180., 0.,
       -90., 100000., -5.6562500000000000e+01, 281.,
       5.4887500000000000e+02, -180., 0., -90., 100000.,
       -7.0625000000000000e+01, 281., 5.5512500000000000e+02, -180., 0.,
       -90., 100000., -8.4687500000000000e+01, 281., 557., -180., 0.,
       -90., 100000., -8.9375000000000000e+01, 381., 557., -180., 0.,
       -90., 100000., -1.0343750000000000e+02, 381.,
       5.5262500000000000e+02, -180., 0., -90., 100000.,
       -1.1750000000000000e+02, 381., 5.4325000000000000e+02, -180., 0.,
       -90., 100000., -1.3156250000000000e+02, 381.,
       5.2637500000000000e+02, -180., 0., -90., 100000.,
       -1.4515625000000000e+02, 381., 517., -180., 0., -90., 100000.,
       -1.5921875000000000e+02, 381., 5.3512500000000000e+02, -180., 0.,
       -90., 100000., -1.7328125000000000e+02, 381.,
       5.4762500000000000e+02, -180., 0., -90., 100000.,
       -1.8734375000000000e+02, 381., 5.5450000000000000e+02, -180., 0.,
       -90., 100000., -2.0140625000000000e+02, 381.,
       5.5637500000000000e+02, -180., 0., -90., 100000.,
       -2.1546875000000000e+02, 381., 5.5450000000000000e+02, -180., 0.,
       -90., 100000., -2.2953125000000000e+02, 381.,
       5.4825000000000000e+02, -180., 0., -90., 100000.,
       -2.4359375000000000e+02, 381., 5.3512500000000000e+02, -180., 0.,
       -90., 100000., -2.5437500000000000e+02, 381.,
       5.1637500000000000e+02, -180., 0., -90., 100000.,
       -2.5906250000000000e+02, 381., 4.9762500000000000e+02, -180., 0.,
       -90., 100000., -260., 381., 4.7887500000000000e+02, -180., 0.,
       -90., 100000., -2.5812500000000000e+02, 381.,
       4.6012500000000000e+02, -180., 0., -90., 100000.,
       -2.5343750000000000e+02, 381., 4.4137500000000000e+02, -180., 0.,
       -90., 100000., -2.4640625000000000e+02, 381.,
       4.2262500000000000e+02, -180., 0., -90., 100000.,
       -2.3703125000000000e+02, 381., 4.0387500000000000e+02, -180., 0.,
       -90., 100000., -2.2531250000000000e+02, 381.,
       3.8512500000000000e+02, -180., 0., -90., 100000.,
       -2.1218750000000000e+02, 381., 3.6637500000000000e+02, -180., 0.,
       -90., 100000., -1.9812500000000000e+02, 381.,
       3.4887500000000000e+02, -180., 0., -90., 100000.,
       -1.8406250000000000e+02, 381., 3.3137500000000000e+02, -180., 0.,
       -90., 100000., -170., 381., 3.1387500000000000e+02, -180., 0.,
       -90., 100000., -1.5593750000000000e+02, 381.,
       2.9637500000000000e+02, -180., 0., -90., 100000.,
       -1.4187500000000000e+02, 381., 2.7825000000000000e+02, -180., 0.,
       -90., 100000., -1.2781250000000000e+02, 381.,
       2.9512500000000000e+02, -180., 0., -90., 100000.,
       -1.1375000000000000e+02, 381., 3.1387500000000000e+02, -180., 0.,
       -90., 100000., -9.9687500000000000e+01, 381.,
       3.3262500000000000e+02, -180., 0., -90., 100000.,
       -8.5625000000000000e+01, 381., 3.5075000000000000e+02, -180., 0.,
       -90., 100000., -7.1562500000000000e+01, 381.,
       3.6887500000000000e+02, -180., 0., -90., 100000.,
       -5.7500000000000000e+01, 381., 3.8762500000000000e+02, -180., 0.,
       -90., 100000., -4.4843750000000000e+01, 381.,
       4.0637500000000000e+02, -180., 0., -90., 100000.,
       -3.4062500000000000e+01, 381., 4.2512500000000000e+02, -180., 0.,
       -90., 100000., -2.5625000000000000e+01, 381.,
       4.4387500000000000e+02, -180., 0., -90., 100000.,
       -2.1406250000000000e+01, 381., 4.6262500000000000e+02, -180., 0.,
       -90., 100000., -2.0468750000000000e+01, 381.,
       4.8137500000000000e+02, -180., 0., -90., 100000.,
       -2.3281250000000000e+01, 381., 5.0012500000000000e+02, -180., 0.,
       -90., 100000., -3.0312500000000000e+01, 381.,
       5.1887500000000000e+02, -180., 0., -90., 100000.,
       -4.2500000000000000e+01, 381., 537., -180., 0., -90., 100000.,
       -5.6562500000000000e+01, 381., 5.4887500000000000e+02, -180., 0.,
       -90., 100000., -7.0625000000000000e+01, 381.,
       5.5512500000000000e+02, -180., 0., -90., 100000.,
       -8.4687500000000000e+01, 381., 557., -180., 0., -90., 100000.,
       -8.9375000000000000e+01, 481., 557., -180., 0., -90., 100000.,
       -1.0343750000000000e+02, 481., 5.5262500000000000e+02, -180., 0.,
       -90., 100000., -1.1750000000000000e+02, 481.,
       5.4325000000000000e+02, -180., 0., -90., 100000.,
