%YAML:1.0
---
path: !!opencv-matrix
   rows: 125
   cols: 7
   dt: d
   data: [ -260., 281., 557., -180., 0., -90., 100000., -260., 281.,
       4.9450000000000000e+02, -180., 0., -90., 100000., -260., 281.,
       432., -180., 0., -90., 100000., -260., 281.,
       3.6950000000000000e+02, -180., 0., -90., 100000., -260., 281.,
       307., -180., 0., -90., 100000., -2.1312500000000000e+02, 281.,
       557., -180., 0., -90., 100000., -2.1312500000000000e+02, 281.,
       4.9450000000000000e+02, -180., 0., -90., 100000.,
       -2.1312500000000000e+02, 281., 432., -180., 0., -90., 100000.,
       -2.1312500000000000e+02, 281., 3.6950000000000000e+02, -180., 0.,
       -90., 100000., -2.1312500000000000e+02, 281., 307., -180., 0.,
       -90., 100000., -1.6625000000000000e+02, 281., 557., -180., 0.,
       -90., 100000., -1.6625000000000000e+02, 281.,
       4.9450000000000000e+02, -180., 0., -90., 100000.,
       -1.6625000000000000e+02, 281., 432., -180., 0., -90., 100000.,
       -1.6625000000000000e+02, 281., 3.6950000000000000e+02, -180., 0.,
       -90., 100000., -1.6625000000000000e+02, 281., 307., -180., 0.,
       -90., 100000., -1.1937500000000000e+02, 281., 557., -180., 0.,
       -90., 100000., -1.1937500000000000e+02, 281.,
       4.9450000000000000e+02, -180., 0., -90., 100000.,
       -1.1937500000000000e+02, 281., 432., -180., 0., -90., 100000.,
       -1.1937500000000000e+02, 281., 3.6950000000000000e+02, -180., 0.,
       -90., 100000., -1.1937500000000000e+02, 281., 307., -180., 0.,
       -90., 100000., -7.2500000000000000e+01, 281., 557., -180., 0.,
       -90., 100000., -7.2500000000000000e+01, 281.,
       4.9450000000000000e+02, -180., 0., -90., 100000.,
       -7.2500000000000000e+01, 281., 432., -180., 0., -90., 100000.,
       -7.2500000000000000e+01, 281., 3.6950000000000000e+02, -180., 0.,
       -90., 100000., -7.2500000000000000e+01, 281., 307., -180., 0.,
       -90., 100000., -260., 381., 557., -180., 0., -90., 100000., -260.,
       381., 4.9450000000000000e+02, -180., 0., -90., 100000., -260.,
       381., 432., -180., 0., -90., 100000., -260., 381.,
       3.6950000000000000e+02, -180., 0., -90., 100000., -260., 381.,
       307., -180., 0., -90., 100000., -2.1312500000000000e+02, 381.,
       557., -180., 0., -90., 100000., -2.1312500000000000e+02, 381.,
       4.9450000000000000e+02, -180., 0., -90., 100000.,
       -2.1312500000000000e+02, 381., 432., -180., 0., -90., 100000.,
       -2.1312500000000000e+02, 381., 3.6950000000000000e+02, -180., 0.,
       -90., 100000., -2.1312500000000000e+02, 381., 307., -180., 0.,
       -90., 100000., -1.6625000000000000e+02, 381., 557., -180., 0.,
       -90., 100000., -1.6625000000000000e+02, 381.,
       4.9450000000000000e+02, -180., 0., -90., 100000.,
       -1.6625000000000000e+02, 381., 432., -180., 0., -90., 100000.,
       -1.6625000000000000e+02, 381., 3.6950000000000000e+02, -180., 0.,
       -90., 100000., -1.6625000000000000e+02, 381., 307., -180., 0.,
       -90., 100000., -1.1937500000000000e+02, 381., 557., -180., 0.,
       -90., 100000., -1.1937500000000000e+02, 381.,
       4.9450000000000000e+02, -180., 0., -90., 100000.,
       -1.1937500000000000e+02, 381., 432., -180., 0., -90., 100000.,
       -1.1937500000000000e+02, 381., 3.6950000000000000e+02, -180., 0.,
       -90., 100000., -1.1937500000000000e+02, 381., 307., -180., 0.,
       -90., 100000., -7.2500000000000000e+01, 381., 557., -180., 0.,
       -90., 100000., -7.2500000000000000e+01, 381.,
       4.9450000000000000e+02, -180., 0., -90., 100000.,
       -7.2500000000000000e+01, 381., 432., -180., 0., -90., 100000.,
       -7.2500000000000000e+01, 381., 3.6950000000000000e+02, -180., 0.,
       -90., 100000., -7.2500000000000000e+01, 381., 307., -180., 0.,
       -90., 100000., -260., 481., 557., -180., 0., -90., 100000., -260.,
       481., 4.9450000000000000e+02, -180., 0., -90., 100000., -260.,
       481., 432., -180., 0., -90., 100000., -260., 481.,
       3.6950000000000000e+02, -180., 0., -90., 100000., -260., 481.,
       307., -180., 0., -90., 100000., -2.1312500000000000e+02, 481.,
       557., -180., 0., -90., 100000., -2.1312500000000000e+02, 481.,
       4.9450000000000000e+02, -180., 0., -90., 100000.,
       -2.1312500000000000e+02, 481., 432., -180., 0., -90., 100000.,
       -2.1312500000000000e+02, 481., 3.6950000000000000e+02, -180., 0.,
       -90., 100000., -2.1312500000000000e+02, 481., 307., -180., 0.,
       -90., 100000., -1.6625000000000000e+02, 481., 557., -180., 0.,
       -90., 100000., -1.6625000000000000e+02, 481.,
       4.9450000000000000e+02, -180., 0., -90., 100000.,
       -1.6625000000000000e+02, 481., 432., -180., 0., -90., 100000.,
       -1.6625000000000000e+02, 481., 3.6950000000000000e+02, -180., 0.,
       -90., 100000., -1.6625000000000000e+02, 481., 307., -180., 0.,
       -90., 100000., -1.1937500000000000e+02, 481., 557., -180., 0.,
       -90., 100000., -1.1937500000000000e+02, 481.,
       4.9450000000000000e+02, -180., 0., -90., 100000.,
       -1.1937500000000000e+02, 481., 432., -180., 0., -90., 100000.,
       -1.1937500000000000e+02, 481., 3.6950000000000000e+02, -180., 0.,
       -90., 100000., -1.1937500000000000e+02, 481., 307., -180., 0.,
       -90., 100000., -7.2500000000000000e+01, 481., 557., -180., 0.,
       -90., 100000., -7.2500000000000000e+01, 481.,
       4.9450000000000000e+02, -180., 0., -90., 100000.,
       -7.2500000000000000e+01, 481., 432., -180., 0., -90., 100000.,
       -7.2500000000000000e+01, 481., 3.6950000000000000e+02, -180., 0.,
       -90., 100000., -7.2500000000000000e+01, 481., 307., -180., 0.,
       -90., 100000., -260., 581., 557., -180., 0., -90., 100000., -260.,
       581., 4.9450000000000000e+02, -180., 0., -90., 100000., -260.,
       581., 432., -180., 0., -90., 100000., -260., 581.,
       3.6950000000000000e+02, -180., 0., -90., 100000., -260., 581.,
       307., -180., 0., -90., 100000., -2.1312500000000000e+02, 581.,
       557., -180., 0., -90., 100000., -2.1312500000000000e+02, 581.,
       4.9450000000000000e+02, -180., 0., -90., 100000.,
       -2.1312500000000000e+02, 581., 432., -180., 0., -90., 100000.,
       -2.1312500000000000e+02, 581., 3.6950000000000000e+02, -180., 0.,
       -90., 100000., -2.1312500000000000e+02, 581., 307., -180., 0.,
       -90., 100000., -1.6625000000000000e+02, 581., 557., -180., 0.,
       -90., 100000., -1.6625000000000000e+02, 581.,
       4.9450000000000000e+02, -180., 0., -90., 100000.,
       -1.6625000000000000e+02, 581., 432., -180., 0., -90., 100000.,
       -1.6625000000000000e+02, 581., 3.6950000000000000e+02, -180., 0.,
       -90., 100000., -1.6625000000000000e+02, 581., 307., -180., 0.,
       -90., 100000., -1.1937500000000000e+02, 581., 557., -180., 0.,
       -90., 100000., -1.1937500000000000e+02, 581.,
       4.9450000000000000e+02, -180., 0., -90., 100000.,
       -1.1937500000000000e+02, 581., 432., -180., 0., -90., 100000.,
       -1.1937500000000000e+02, 581., 3.6950000000000000e+02, -180., 0.,
       -90., 100000., -1.1937500000000000e+02, 581., 307., -180., 0.,
       -90., 100000., -7.2500000000000000e+01, 581., 557., -180., 0.,
       -90., 100000., -7.2500000000000000e+01, 581.,
       4.9450000000000000e+02, -180., 0., -90., 100000.,
       -7.2500000000000000e+01, 581., 432., -180., 0., -90., 100000.,
       -7.2500000000000000e+01, 581., 3.6950000000000000e+02, -180., 0.,
       -90., 100000., -7.2500000000000000e+01, 581., 307., -180., 0.,
       -90., 100000., -260., 681., 557., -180., 0., -90., 100000., -260.,
       681., 4.9450000000000000e+02, -180., 0., -90., 100000., -260.,
       681., 432., -180., 0., -90., 100000., -260., 681.,
       3.6950000000000000e+02, -180., 0., -90., 100000., -260., 681.,
       307., -180., 0., -90., 100000., -2.1312500000000000e+02, 681.,
       557., -180., 0., -90., 100000., -2.1312500000000000e+02, 681.,
       4.9450000000000000e+02, -180., 0., -90., 100000.,
