%YAML:1.0
---
path: !!opencv-matrix
   rows: 100
   cols: 7
   dt: d
   data: [ -9.8478135684834527e+01, 456., 4.9045227144469806e+01, -180.,
       0., 180., 100000., -1.0022161736574064e+02, 456.,
       2.4605479558490245e+01, -180., 0., 180., 100000.,
       -1.0123463412987488e+02, 456., -4.0798069524355967e+00, -180., 0.,
       180., 100000., -1.0041633534988853e+02, 456.,
       -2.6823804192262671e+01, -180., 0., 180., 100000.,
       -1.0011777223383186e+02, 456., -5.6880419698889753e+01, -180., 0.,
       180., 100000., -1.0087459655323727e+02, 456.,
       -8.0816038883642875e+01, -180., 0., 180., 100000.,
       -1.0008453900838582e+02, 456., -1.0497297591268492e+02, -180., 0.,
       180., 100000., -9.9036857778358353e+01, 456.,
       -1.3180046235518819e+02, -180., 0., 180., 100000.,
       -9.8766113056552186e+01, 456., -1.5826512536968639e+02, -180., 0.,
       180., 100000., -9.8987574581872849e+01, 456.,
       -1.8492882559077722e+02, -180., 0., 180., 100000.,
       -6.7601549357085503e+01, 456., 5.0176352753569070e+01, -180., 0.,
       180., 100000., -6.9643063440133687e+01, 456.,
       2.2924469244770552e+01, -180., 0., 180., 100000.,
       -6.8039402107723049e+01, 456., -3.4347450743136250e+00, -180., 0.,
       180., 100000., -7.0323368307758940e+01, 456.,
       -2.7747523883637598e+01, -180., 0., 180., 100000.,
       -6.7401480449737051e+01, 456., -5.4750191881218100e+01, -180., 0.,
       180., 100000., -6.7099552048287890e+01, 456.,
       -8.2118152526580872e+01, -180., 0., 180., 100000.,
       -6.9345419092875133e+01, 456., -1.0751086824614688e+02, -180., 0.,
       180., 100000., -7.2043261924396475e+01, 456.,
       -1.3195437733267673e+02, -180., 0., 180., 100000.,
       -6.9511336391312113e+01, 456., -1.5827265257231358e+02, -180., 0.,
       180., 100000., -6.8785092612071054e+01, 456.,
       -1.8250188729052149e+02, -180., 0., 180., 100000.,
       -3.5690618634934140e+01, 456., 5.0812531080957058e+01, -180., 0.,
       180., 100000., -3.9873167333760378e+01, 456.,
       2.2073729357261339e+01, -180., 0., 180., 100000.,
       -3.7170557352194123e+01, 456., -3.7128605829389087e+00, -180., 0.,
       180., 100000., -3.7148716704535310e+01, 456.,
       -2.7650944517883516e+01, -180., 0., 180., 100000.,
       -3.8217875268858378e+01, 456., -5.4727187365673956e+01, -180., 0.,
       180., 100000., -3.7826409160781985e+01, 456.,
       -8.2841617945485666e+01, -180., 0., 180., 100000.,
       -3.5856151712195626e+01, 456., -1.0729204962358475e+02, -180., 0.,
       180., 100000., -3.9416710380859044e+01, 456.,
       -1.3287511688983244e+02, -180., 0., 180., 100000.,
       -3.7506504913644257e+01, 456., -1.5883981440834029e+02, -180., 0.,
       180., 100000., -3.6504959198041810e+01, 456.,
       -1.8760208614276490e+02, -180., 0., 180., 100000.,
       -4.0173721393432515e+00, 456., 4.9303869451319919e+01, -180., 0.,
       180., 100000., -6.4711004314235652e+00, 456.,
       2.5129731912825985e+01, -180., 0., 180., 100000.,
       -7.4452274756655754e+00, 456., -2.4240595638545841e+00, -180., 0.,
       180., 100000., -6.7982282482353185e+00, 456.,
       -2.8361511719095091e+01, -180., 0., 180., 100000.,
       -5.2461094468119711e+00, 456., -5.3329316798593908e+01, -180., 0.,
       180., 100000., -3.9045831550577930e+00, 456.,
       -8.0120855039698881e+01, -180., 0., 180., 100000.,
       -5.1294694952157300e+00, 456., -1.0678271164611957e+02, -180., 0.,
       180., 100000., -7.4750090786317855e+00, 456.,
       -1.3204334679721276e+02, -180., 0., 180., 100000.,
       -6.5459886957113156e+00, 456., -1.5775059841030856e+02, -180., 0.,
       180., 100000., -6.1764757322105339e+00, 456.,
       -1.8265279395802222e+02, -180., 0., 180., 100000.,
       2.2654675050996644e+01, 456., 4.9465479403378794e+01, -180., 0.,
       180., 100000., 2.5599794107590554e+01, 456.,
       2.4513768720244876e+01, -180., 0., 180., 100000.,
       2.2996053013842996e+01, 456., -3.4504070711877546e+00, -180., 0.,
       180., 100000., 2.6320978228809622e+01, 456.,
       -2.6773531165666569e+01, -180., 0., 180., 100000.,
       2.5207827941693338e+01, 456., -5.3893962183015603e+01, -180., 0.,
       180., 100000., 2.4974653208512223e+01, 456.,
       -8.0227051165193359e+01, -180., 0., 180., 100000.,
       2.3682311573469292e+01, 456., -1.0417455368453992e+02, -180., 0.,
       180., 100000., 2.5702496851163659e+01, 456.,
       -1.3208533724614907e+02, -180., 0., 180., 100000.,
       2.5054347615816184e+01, 456., -1.5803070823273802e+02, -180., 0.,
       180., 100000., 2.5306696248964982e+01, 456.,
       -1.8276323360514382e+02, -180., 0., 180., 100000.,
       5.7508665223684801e+01, 456., 4.9632829543921169e+01, -180., 0.,
       180., 100000., 5.6070474369353036e+01, 456.,
       2.1335611025616291e+01, -180., 0., 180., 100000.,
       5.5816043220447170e+01, 456., -2.1543075857382377e+00, -180., 0.,
       180., 100000., 5.5066209379585189e+01, 456.,
       -2.7385725860702649e+01, -180., 0., 180., 100000.,
       5.5643080896770556e+01, 456., -5.4171715603120177e+01, -180., 0.,
       180., 100000., 5.5481795097448355e+01, 456.,
       -7.8937467607946672e+01, -180., 0., 180., 100000.,
       5.4800642655287760e+01, 456., -1.0717616246656644e+02, -180., 0.,
       180., 100000., 5.4005181785529828e+01, 456.,
       -1.3215416487147010e+02, -180., 0., 180., 100000.,
       5.4644802312969261e+01, 456., -1.5868415460671164e+02, -180., 0.,
       180., 100000., 5.5458051389099694e+01, 456.,
       -1.8595844097575937e+02, -180., 0., 180., 100000.,
       8.7771936819269456e+01, 456., 4.9519218872069324e+01, -180., 0.,
       180., 100000., 8.7534796541733755e+01, 456.,
       2.3996436098085880e+01, -180., 0., 180., 100000.,
       8.7310207037821272e+01, 456., -2.3252215387081847e+00, -180., 0.,
       180., 100000., 8.7260162110690970e+01, 456.,
       -2.7353138654386782e+01, -180., 0., 180., 100000.,
       8.5803455972990548e+01, 456., -5.4583918760952628e+01, -180., 0.,
       180., 100000., 8.7440363441500750e+01, 456.,
       -8.0351101700256748e+01, -180., 0., 180., 100000.,
       8.6486884515877392e+01, 456., -1.0723394514385140e+02, -180., 0.,
       180., 100000., 8.7355172762715881e+01, 456.,
       -1.3335333567850736e+02, -180., 0., 180., 100000.,
       8.5168266245175403e+01, 456., -1.5693074289315101e+02, -180., 0.,
       180., 100000., 8.6079281687946917e+01, 456.,
       -1.8383018514982925e+02, -180., 0., 180., 100000.,
       1.2086888946302253e+02, 456., 4.9788555682006177e+01, -180., 0.,
       180., 100000., 1.1864259108246455e+02, 456.,
       2.3846862157189708e+01, -180., 0., 180., 100000.,
       1.1887680393688643e+02, 456., 1.7501204437373019e-02, -180., 0.,
       180., 100000., 1.1851967252338349e+02, 456.,
       -2.5864237846347180e+01, -180., 0., 180., 100000.,
       1.1965913520171276e+02, 456., -5.4161688937860092e+01, -180., 0.,
       180., 100000., 1.2060501787332504e+02, 456.,
       -7.9830693363380277e+01, -180., 0., 180., 100000.,
       1.1960573635352870e+02, 456., -1.0529952044023460e+02, -180., 0.,
       180., 100000., 1.1874931361924695e+02, 456.,
       -1.3289964482236977e+02, -180., 0., 180., 100000.,
       1.1816987422556161e+02, 456., -1.5888005726661780e+02, -180., 0.,
       180., 100000., 1.1843921059917824e+02, 456.,
       -1.8399361850559742e+02, -180., 0., 180., 100000.,
       1.4881784071263664e+02, 456., 4.9800483338740946e+01, -180., 0.,
       180., 100000., 1.5099876088531732e+02, 456.,
       2.4998743574843893e+01, -180., 0., 180., 100000.,
       1.4882727136923296e+02, 456., -2.0710137592934643e+00, -180., 0.,
       180., 100000., 1.5108746932327458e+02, 456.,
       -2.8989485379197561e+01, -180., 0., 180., 100000.,
       1.4958862977655599e+02, 456., -5.4093605587581521e+01, -180., 0.,
       180., 100000., 1.4950695612196040e+02, 456.,
       -7.9597199409836037e+01, -180., 0., 180., 100000.,
