%YAML:1.0
---
IntrinsicMatrix1: !!opencv-matrix
    rows: 3
    cols: 3
    dt: f
    data: [ 1710.257510, 0.000000, 0.000000, 
            0.000000, 1709.068128, 0.000000, 373.702664, 
            266.483160, 1.000000]
RadialDistortion1: !!opencv-matrix
    rows: 1
    cols: 2
    dt: f
    data: [ -0.029195, -27.561705]
TangentialDistortion1: !!opencv-matrix
    rows: 1
    cols: 2
    dt: f
    data: [ 0.000000, 0.000000]
IntrinsicMatrix2: !!opencv-matrix
    rows: 3
    cols: 3
    dt: f
    data: [ 1303.660311, 0.000000, 0.000000, 
            0.000000, 1301.978796, 0.000000, 354.386128, 
            254.467996, 1.000000]
RadialDistortion2: !!opencv-matrix
    rows: 1
    cols: 2
    dt: f
    data: [ -0.393994, -1.205474]
TangentialDistortion2: !!opencv-matrix
    rows: 1
    cols: 2
    dt: f
    data: [ 0.000000, 0.000000]
ImageSize: !!opencv-matrix
    rows: 1
    cols: 2
    dt: f
    data: [ 480.000000, 640.000000]
RotationOfCamera2: !!opencv-matrix
    rows: 3
    cols: 3
    dt: f
    data: [ 0.996960, -0.013637, -0.076714, 
            0.014012, 0.999892, 0.004344, 0.076646, 
            -0.005405, 0.997044]
TranslationOfCamera2: !!opencv-matrix
    rows: 1
    cols: 3
    dt: f
    data: [ -214.886710, 3.629473, 5.328869]
FocalLength: !!opencv-matrix
    rows: 1
    cols: 2
    dt: f
    data: [ 1710.257510, 1709.068128]
EssentialMatrix: !!opencv-matrix
    rows: 3
    cols: 3
    dt: f
    data: [ -0.205759, -5.312530, 3.647548, 
            -11.172138, 1.008065, 214.659875, -0.687928, 
            -214.914442, 0.883356]
FundamentalMatrix: !!opencv-matrix
    rows: 3
    cols: 3
    dt: f
    data: [ -0.000000, -0.000002, 0.003468, 
            -0.000005, 0.000000, 0.166626, 0.000907, 
            -0.125020, -9.086207]
