%YAML:1.0
---
IntrinsicMatrix1: !!opencv-matrix
    rows: 3
    cols: 3
    dt: f
    data: [ 646.943936, 0.000000, 0.000000, 
            0.000000, 645.702245, 0.000000, 348.631894, 
            240.626693, 1.000000]
RadialDistortion1: !!opencv-matrix
    rows: 1
    cols: 2
    dt: f
    data: [ 0.046011, 0.406416]
TangentialDistortion1: !!opencv-matrix
    rows: 1
    cols: 2
    dt: f
    data: [ 0.000000, 0.000000]
IntrinsicMatrix2: !!opencv-matrix
    rows: 3
    cols: 3
    dt: f
    data: [ 653.318756, 0.000000, 0.000000, 
            0.000000, 650.092093, 0.000000, 315.915546, 
            234.490171, 1.000000]
RadialDistortion2: !!opencv-matrix
    rows: 1
    cols: 2
    dt: f
    data: [ 0.021378, 0.689979]
TangentialDistortion2: !!opencv-matrix
    rows: 1
    cols: 2
    dt: f
    data: [ 0.000000, 0.000000]
ImageSize: !!opencv-matrix
    rows: 1
    cols: 2
    dt: f
    data: [ 480.000000, 640.000000]
RotationOfCamera2: !!opencv-matrix
    rows: 3
    cols: 3
    dt: f
    data: [ 0.896738, -0.008304, 0.442483, 
            0.012019, 0.999912, -0.005593, -0.442398, 
            0.010333, 0.896759]
TranslationOfCamera2: !!opencv-matrix
    rows: 1
    cols: 3
    dt: f
    data: [ 221.687708, -2.095969, 47.290295]
FocalLength: !!opencv-matrix
    rows: 1
    cols: 2
    dt: f
    data: [ 646.943936, 645.702245]
EssentialMatrix: !!opencv-matrix
    rows: 3
    cols: 3
    dt: f
    data: [ -0.534747, -47.274418, -2.368238, 
            -55.686024, 1.808180, -219.721663, 0.038711, 
            221.693420, 1.363485]
FundamentalMatrix: !!opencv-matrix
    rows: 3
    cols: 3
    dt: f
    data: [ -0.000001, -0.000112, 0.023782, 
            -0.000132, 0.000004, -0.292861, 0.031507, 
            0.377730, -20.113375]
