%YAML:1.0
---
IntrinsicMatrix1: !!opencv-matrix
    rows: 3
    cols: 3
    dt: f
    data: [ 720.961328, 0.000000, 0.000000, 
            0.000000, 714.257580, 0.000000, 327.299510, 
            239.316991, 1.000000]
RadialDistortion1: !!opencv-matrix
    rows: 1
    cols: 2
    dt: f
    data: [ 0.122616, 0.018877]
TangentialDistortion1: !!opencv-matrix
    rows: 1
    cols: 2
    dt: f
    data: [ 0.000000, 0.000000]
IntrinsicMatrix2: !!opencv-matrix
    rows: 3
    cols: 3
    dt: f
    data: [ 670.432132, 0.000000, 0.000000, 
            0.000000, 687.882964, 0.000000, 363.748934, 
            240.575588, 1.000000]
RadialDistortion2: !!opencv-matrix
    rows: 1
    cols: 2
    dt: f
    data: [ 0.088571, 0.171728]
TangentialDistortion2: !!opencv-matrix
    rows: 1
    cols: 2
    dt: f
    data: [ 0.000000, 0.000000]
ImageSize: !!opencv-matrix
    rows: 1
    cols: 2
    dt: f
    data: [ 480.000000, 640.000000]
RotationOfCamera2: !!opencv-matrix
    rows: 3
    cols: 3
    dt: f
    data: [ 0.536953, 0.011253, 0.843537, 
            -0.010772, 0.999921, -0.006482, -0.843543, 
            -0.005606, 0.537032]
TranslationOfCamera2: !!opencv-matrix
    rows: 1
    cols: 3
    dt: f
    data: [ 352.863828, 2.627716, 181.649457]
FocalLength: !!opencv-matrix
    rows: 1
    cols: 2
    dt: f
    data: [ 720.961328, 714.257580]
EssentialMatrix: !!opencv-matrix
    rows: 3
    cols: 3
    dt: f
    data: [ 0.172507, -181.652133, 2.429535, 
            -200.116408, 0.330490, -342.728347, 2.559753, 
            352.864247, 0.238360]
FundamentalMatrix: !!opencv-matrix
    rows: 3
    cols: 3
    dt: f
    data: [ 0.000000, -0.000379, 0.094290, 
            -0.000404, 0.000001, -0.366328, 0.100496, 
            0.631853, -65.321597]
