%YAML:1.0
---
IntrinsicMatrix1: !!opencv-matrix
    rows: 3
    cols: 3
    dt: f
    data: [ 1705.995806, 0.000000, 0.000000, 
            0.000000, 1705.196601, 0.000000, 346.663002, 
            259.624785, 1.000000]
RadialDistortion1: !!opencv-matrix
    rows: 1
    cols: 2
    dt: f
    data: [ -0.471468, 3.914353]
TangentialDistortion1: !!opencv-matrix
    rows: 1
    cols: 2
    dt: f
    data: [ 0.000000, 0.000000]
IntrinsicMatrix2: !!opencv-matrix
    rows: 3
    cols: 3
    dt: f
    data: [ 1307.974408, 0.000000, 0.000000, 
            0.000000, 1305.499505, 0.000000, 344.593334, 
            241.045065, 1.000000]
RadialDistortion2: !!opencv-matrix
    rows: 1
    cols: 2
    dt: f
    data: [ -0.487919, 2.506663]
TangentialDistortion2: !!opencv-matrix
    rows: 1
    cols: 2
    dt: f
    data: [ 0.000000, 0.000000]
ImageSize: !!opencv-matrix
    rows: 1
    cols: 2
    dt: f
    data: [ 480.000000, 640.000000]
RotationOfCamera2: !!opencv-matrix
    rows: 3
    cols: 3
    dt: f
    data: [ 0.980087, -0.003814, -0.198530, 
            0.003400, 0.999991, -0.002427, 0.198538, 
            0.001703, 0.980092]
TranslationOfCamera2: !!opencv-matrix
    rows: 1
    cols: 3
    dt: f
    data: [ -204.274325, 0.458142, 32.717008]
FocalLength: !!opencv-matrix
    rows: 1
    cols: 2
    dt: f
    data: [ 1705.995806, 1705.196601]
