%YAML:1.0
---
IntrinsicMatrix1: !!opencv-matrix
    rows: 3
    cols: 3
    dt: f
    data: [ 1757.859482, 0.000000, 0.000000, 
            0.000000, 1757.498556, 0.000000, 375.418597, 
            280.118658, 1.000000]
RadialDistortion1: !!opencv-matrix
    rows: 1
    cols: 2
    dt: f
    data: [ -0.294375, -7.453179]
TangentialDistortion1: !!opencv-matrix
    rows: 1
    cols: 2
    dt: f
    data: [ 0.000000, 0.000000]
IntrinsicMatrix2: !!opencv-matrix
    rows: 3
    cols: 3
    dt: f
    data: [ 1345.816945, 0.000000, 0.000000, 
            0.000000, 1343.186596, 0.000000, 278.990182, 
            230.082474, 1.000000]
RadialDistortion2: !!opencv-matrix
    rows: 1
    cols: 2
    dt: f
    data: [ -0.450939, 0.806924]
TangentialDistortion2: !!opencv-matrix
    rows: 1
    cols: 2
    dt: f
    data: [ 0.000000, 0.000000]
ImageSize: !!opencv-matrix
    rows: 1
    cols: 2
    dt: f
    data: [ 480.000000, 640.000000]
RotationOfCamera2: !!opencv-matrix
    rows: 3
    cols: 3
    dt: f
    data: [ 0.966616, -0.010081, -0.256031, 
            0.009221, 0.999947, -0.004561, 0.256063, 
            0.002048, 0.966658]
TranslationOfCamera2: !!opencv-matrix
    rows: 1
    cols: 3
    dt: f
    data: [ -169.280877, 2.002605, 49.702890]
FocalLength: !!opencv-matrix
    rows: 1
    cols: 2
    dt: f
    data: [ 1757.859482, 1757.498556]
